8
4
5
3
7
8
1
5
6
11
1
2
5
5
4
10
2
11
1
5
5
9
1
2
3
8
8
3
1
3
3
3
1
5
1
3
7
1
3
5
5
1
8
3
1
3
5
5
3
3
5
9
4
8
5
10
3
5
3
8
4
3
9
7
5
6
9
9
8
3
8
8
10
3
5
5
5
3
5
11
5
11
5
9
5
3
8
5
7
7
3
8
3
5
5
3
3
6
5
1
3
1
9
5
1
3
5
6
1
3
3
1
3
3
5
4
1
4
5
5
3
5
5
1
1
9
5
1
7
3
6
7
1
5
5
1
1
5
1
3
3
1
3
8
3
3
5
3
7
7
1
3
3
3
3
3
5
3
3
3
3
9
7
3
7
3
3
3
5
3
3
6
4
5
5
5
5
5
11
1
4
3
7
5
1
8
3
3
3
3
9
5
4
5
3
5
5
3
5
11
11
5
3
3
5
5
5
2
1
3
3
8
11
5
8
9
3
3
8
8
11
10
9
11
5
5
3
3
1
5
1
1
1
3
3
3
1
3
1
5
1
5
3
5
3
1
1
5
2
1
