12
13
13
25
16
29
25
15
25
17
29
9
24
28
29
15
24
25
25
8
21
29
29
26
29
3
19
10
24
29
21
10
1
25
21
29
29
16
10
10
21
26
21
16
10
10
10
26
24
29
15
21
30
10
8
24
25
25
8
10
9
16
29
18
21
29
12
10
29
15
29
15
29
29
29
25
29
6
29
18
21
15
15
14
26
21
19
15
29
18
29
15
15
15
13
29
15
16
29
15
15
15
27
15
29
28
29
8
4
15
29
12
8
25
29
25
15
29
21
19
15
10
15
13
15
23
15
15
24
21
21
29
29
13
16
21
21
29
19
18
29
29
8
29
10
10
26
10
29
24
25
29
21
21
16
21
15
19
25
25
24
15
29
29
16
29
20
26
12
29
24
16
29
29
29
21
18
29
29
18
29
25
16
21
19
22
16
13
26
9
15
15
24
29
29
15
2
15
29
19
15
31
10
15
15
15
29
29
29
24
29
10
29
19
10
29
30
18
7
19
10
15
15
15
15
21
29
29
10
11
2
19
15
15
10
5
24
18
16
28
15
10
15
15
24
29
30
24
9
15
