1
9
10
8
8
4
5
8
12
6
5
5
5
5
4
7
10
5
11
12
12
12
5
5
12
4
12
5
5
5
10
5
9
5
10
5
12
5
1
5
12
1
5
5
5
5
5
1
5
12
5
12
1
4
5
10
10
1
5
12
12
5
10
10
8
12
8
8
5
5
5
1
5
10
8
5
1
8
5
5
2
12
12
6
8
7
1
5
5
12
5
12
5
5
12
11
5
8
6
5
5
2
5
8
12
9
5
3
5
5
5
1
2
8
8
1
3
8
8
12
12
4
5
9
5
5
5
6
8
5
5
4
12
5
5
5
12
1
12
10
12
12
5
11
5
5
5
5
10
3
7
1
12
10
11
5
5
5
5
5
5
5
8
5
5
12
5
5
1
5
5
12
5
5
10
5
5
5
5
10
12
12
5
2
12
5
5
12
1
10
5
12
5
5
12
12
12
12
5
10
5
5
5
12
12
3
5
5
12
12
12
12
5
5
5
5
12
5
12
5
12
5
12
12
12
5
7
5
12
5
5
12
5
12
5
5
12
5
12
12
12
12
12
5
12
12
5
5
1
2
