1
1
1
6
10
10
6
3
8
6
4
3
10
6
10
6
3
3
2
2
3
6
3
3
3
8
3
2
8
1
6
6
8
3
6
6
2
4
2
6
3
7
8
3
3
6
10
8
6
8
6
4
2
2
1
6
10
5
3
3
2
6
8
10
6
4
9
9
6
3
4
3
7
3
3
6
8
10
4
2
3
7
9
7
7
3
7
11
1
1
11
1
1
3
6
10
1
1
7
1
1
1
6
2
4
6
11
2
8
2
10
7
9
2
3
5
3
6
10
6
6
10
3
11
3
10
2
9
6
6
6
2
6
6
10
8
1
6
1
10
8
1
1
6
1
6
6
2
3
8
8
3
6
10
1
7
8
8
8
2
6
8
8
6
6
3
6
6
6
7
6
10
6
6
6
2
6
10
6
5
6
6
8
2
10
8
2
6
9
10
4
6
4
6
8
8
10
6
9
8
6
10
3
3
6
6
7
1
6
9
11
4
11
6
7
6
7
6
7
7
3
11
1
7
1
6
4
6
1
1
2
1
6
2
1
6
6
8
1
3
3
7
6
3
6
1
10
11
4
10
