4
4
3
4
5
4
3
4
6
4
3
1
4
1
8
8
5
3
3
3
8
3
4
8
8
3
10
3
8
3
3
7
8
8
8
3
6
5
6
3
8
3
8
7
4
9
8
9
8
8
3
9
3
9
8
2
8
3
8
8
10
4
9
3
3
1
1
3
8
3
8
1
2
8
9
3
8
3
8
8
3
3
8
3
3
8
3
8
1
8
2
9
1
1
7
8
8
6
8
8
8
1
3
8
8
3
8
7
9
9
1
1
8
1
1
3
9
8
6
3
5
9
1
2
10
8
1
2
4
8
8
4
1
4
8
8
9
3
4
10
4
8
9
9
3
8
5
1
8
5
6
8
3
3
4
5
8
3
3
3
8
8
3
3
7
3
8
3
6
8
3
10
3
3
8
9
8
9
3
8
3
8
3
3
5
3
3
3
6
6
3
9
9
1
3
3
3
3
3
8
3
8
9
8
8
2
9
3
8
6
8
5
1
9
3
8
3
3
8
3
3
9
3
3
3
3
3
1
1
8
3
3
8
1
9
5
8
3
3
9
4
3
3
3
1
3
3
3
3
6
